W E1 E1 E1
0 17.4336 17.4353 16.1896
4.14938 17.4337 17.4355 16.1897
8.29876 17.4342 17.4359 16.1901
12.4481 17.435 17.4366 16.1907
16.5975 17.4362 17.4376 16.1916
20.7469 17.4376 17.4388 16.1928
24.8963 17.4394 17.4404 16.1942
29.0456 17.4415 17.4422 16.1959
33.195 17.4439 17.4443 16.1978
37.3444 17.4466 17.4467 16.2
41.4938 17.4497 17.4494 16.2024
45.6432 17.4531 17.4524 16.2051
49.7925 17.4567 17.4556 16.208
53.9419 17.4607 17.4591 16.2112
58.0913 17.4651 17.4629 16.2147
62.2407 17.4697 17.4669 16.2184
66.39 17.4746 17.4712 16.2223
70.5394 17.4799 17.4758 16.2265
74.6888 17.4854 17.4806 16.231
78.8382 17.4913 17.4857 16.2357
82.9876 17.4975 17.4911 16.2407
87.1369 17.5039 17.4967 16.2459
91.2863 17.5107 17.5026 16.2514
95.4357 17.5178 17.5087 16.2572
99.5851 17.5251 17.515 16.2631
103.734 17.5327 17.5216 16.2694
107.884 17.5407 17.5285 16.2759
112.033 17.5489 17.5355 16.2826
116.183 17.5573 17.5428 16.2896
120.332 17.5661 17.5504 16.2969
124.481 17.5751 17.5581 16.3044
128.631 17.5844 17.566 16.3121
132.78 17.5939 17.5742 16.3201
136.929 17.6037 17.5825 16.3283
141.079 17.6137 17.5911 16.3368
145.228 17.6239 17.5998 16.3455
149.378 17.6344 17.6087 16.3545
153.527 17.6451 17.6177 16.3637
157.676 17.656 17.6269 16.3731
161.826 17.6671 17.6363 16.3828
165.975 17.6784 17.6458 16.3927
170.124 17.6899 17.6554 16.4028
174.274 17.7016 17.6651 16.4132
178.423 17.7134 17.675 16.4237
182.573 17.7254 17.6849 16.4345
186.722 17.7375 17.6949 16.4455
190.871 17.7497 17.7049 16.4568
195.021 17.762 17.715 16.4682
199.17 17.7744 17.7252 16.4799
203.32 17.7869 17.7353 16.4917
207.469 17.7994 17.7454 16.5037
211.618 17.812 17.7555 16.5159
215.768 17.8246 17.7655 16.5283
219.917 17.8372 17.7755 16.5409
224.066 17.8497 17.7854 16.5536
228.216 17.8622 17.7951 16.5665
232.365 17.8746 17.8047 16.5796
236.515 17.8869 17.8141 16.5928
240.664 17.899 17.8233 16.6061
244.813 17.911 17.8323 16.6195
248.963 17.9228 17.841 16.6331
253.112 17.9343 17.8495 16.6467
257.261 17.9455 17.8575 16.6604
261.411 17.9565 17.8652 16.6742
265.56 17.9671 17.8725 16.6881
269.71 17.9772 17.8794 16.7019
273.859 17.987 17.8857 16.7158
278.008 17.9962 17.8914 16.7297
282.158 18.0049 17.8966 16.7436
286.307 18.0129 17.9011 16.7575
290.456 18.0204 17.905 16.7712
294.606 18.027 17.908 16.7849
298.755 18.0329 17.9103 16.7985
302.905 18.038 17.9116 16.8119
307.054 18.0421 17.912 16.8252
311.203 18.0452 17.9114 16.8382
315.353 18.0472 17.9097 16.8511
319.502 18.0481 17.9069 16.8636
323.651 18.0477 17.9028 16.8758
327.801 18.046 17.8973 16.8877
331.95 18.0428 17.8905 16.8992
336.1 18.0381 17.8822 16.9103
340.249 18.0318 17.8723 16.9208
344.398 18.0237 17.8607 16.9309
348.548 18.0138 17.8473 16.9403
352.697 18.0019 17.8321 16.9491
356.846 17.9879 17.8148 16.9572
360.996 17.9717 17.7955 16.9645
365.145 17.9532 17.774 16.9709
369.295 17.9321 17.7502 16.9764
373.444 17.9085 17.7239 16.981
377.593 17.8821 17.6951 16.9844
381.743 17.8528 17.6636 16.9867
385.892 17.8204 17.6294 16.9878
390.041 17.7849 17.5922 16.9875
394.191 17.7459 17.552 16.9858
398.34 17.7035 17.5086 16.9826
402.49 17.6575 17.462 16.9777
406.639 17.6076 17.4119 16.9711
410.788 17.5537 17.3583 16.9626
414.938 17.4957 17.301 16.952
419.087 17.4335 17.24 16.9394
423.237 17.3668 17.1751 16.9246
427.386 17.2956 17.1062 16.9073
431.535 17.2196 17.0332 16.8876
435.685 17.1388 16.956 16.8652
439.834 17.0531 16.8745 16.84
443.983 16.9623 16.7887 16.8118
448.133 16.8663 16.6984 16.7806
452.282 16.7651 16.6036 16.7461
456.432 16.6585 16.5042 16.7082
460.581 16.5466 16.4003 16.6667
464.73 16.4292 16.2918 16.6216
468.88 16.3064 16.1787 16.5726
473.029 16.1781 16.061 16.5196
477.178 16.0444 15.9388 16.4624
481.328 15.9054 15.812 16.401
485.477 15.761 15.6808 16.3351
489.627 15.6115 15.5453 16.2647
493.776 15.4569 15.4055 16.1897
497.925 15.2974 15.2616 16.1099
502.075 15.1332 15.1139 16.0253
506.224 14.9645 14.9623 15.9358
510.373 14.7915 14.8072 15.8413
514.523 14.6145 14.6487 15.7418
518.672 14.4338 14.4872 15.6373
522.822 14.2498 14.3228 15.5279
526.971 14.0627 14.1558 15.4134
531.12 13.873 13.9866 15.2941
535.27 13.6809 13.8154 15.1699
539.419 13.4871 13.6426 15.041
543.568 13.2917 13.4685 14.9076
547.718 13.0954 13.2935 14.7698
551.867 12.8985 13.1179 14.6278
556.017 12.7014 12.942 14.4819
560.166 12.5047 12.7663 14.3323
564.315 12.3087 12.591 14.1794
568.465 12.114 12.4166 14.0233
572.614 11.9208 12.2433 13.8646
576.763 11.7298 12.0716 13.7035
580.913 11.5412 11.9018 13.5405
585.062 11.3554 11.7342 13.3759
589.212 11.1728 11.569 13.2102
593.361 10.9938 11.4067 13.0438
597.51 10.8187 11.2474 12.8772
601.66 10.6478 11.0914 12.7107
605.809 10.4813 10.939 12.5449
609.959 10.3194 10.7904 12.3801
614.108 10.1625 10.6458 12.2168
618.257 10.0106 10.5052 12.0554
622.407 9.864 10.369 11.8963
626.556 9.72273 10.2372 11.7399
630.705 9.58692 10.11 11.5866
634.855 9.45663 9.98737 11.4366
639.004 9.33192 9.86943 11.2903
643.154 9.21282 9.75623 11.148
647.303 9.09931 9.64781 11.0099
651.452 8.9914 9.54416 10.8762
655.602 8.88903 9.44528 10.7472
659.751 8.79214 9.35116 10.623
663.9 8.70068 9.26176 10.5037
668.05 8.61454 9.17703 10.3895
672.199 8.53363 9.09691 10.2804
676.349 8.45783 9.02132 10.1765
680.498 8.38703 8.9502 10.0777
684.647 8.3211 8.88344 9.98418
688.797 8.25989 8.82095 9.89581
692.946 8.20327 8.76263 9.81257
697.095 8.1511 8.70837 9.7344
701.245 8.10322 8.65806 9.66123
705.394 8.05947 8.61159 9.59297
709.544 8.01972 8.56882 9.52952
713.693 7.9838 8.52966 9.47076
717.842 7.95157 8.49396 9.41657
721.992 7.92287 8.46162 9.36681
726.141 7.89755 8.43251 9.32136
730.29 7.87547 8.40652 9.28007
734.44 7.85649 8.38351 9.2428
738.589 7.84046 8.36338 9.2094
742.739 7.82724 8.34602 9.17972
746.888 7.81671 8.3313 9.15362
751.037 7.80874 8.31911 9.13095
755.187 7.8032 8.30936 9.11156
759.336 7.79996 8.30194 9.09532
763.485 7.79893 8.29674 9.08208
767.635 7.79997 8.29367 9.0717
771.784 7.803 8.29263 9.06406
775.934 7.80789 8.29354 9.05903
780.083 7.81457 8.29631 9.05648
784.232 7.82293 8.30085 9.05629
788.382 7.83289 8.30708 9.05835
792.531 7.84437 8.31494 9.06255
796.68 7.85727 8.32434 9.06878
800.83 7.87154 8.33522 9.07695
804.979 7.88709 8.34752 9.08696
809.129 7.90387 8.36117 9.09872
813.278 7.9218 8.37612 9.11215
817.427 7.94083 8.39231 9.12717
821.577 7.96091 8.40969 9.1437
825.726 7.98198 8.42822 9.16168
829.876 8.004 8.44784 9.18103
834.025 8.02691 8.46853 9.2017
838.174 8.05069 8.49024 9.22363
842.324 8.07528 8.51293 9.24678
846.473 8.10067 8.53659 9.27109
850.622 8.12681 8.56117 9.29651
854.772 8.15367 8.58665 9.32302
858.921 8.18124 8.61302 9.35057
863.071 8.20949 8.64025 9.37913
867.22 8.2384 8.66832 9.40868
871.369 8.26796 8.69723 9.43918
875.519 8.29815 8.72695 9.47062
879.668 8.32895 8.75749 9.50298
883.817 8.36036 8.78883 9.53624
887.967 8.39238 8.82098 9.57038
892.116 8.425 8.85393 9.6054
896.266 8.45823 8.88768 9.64128
900.415 8.49205 8.92224 9.67802
904.564 8.52648 8.95761 9.71561
908.714 8.56152 8.99381 9.75404
912.863 8.59719 9.03084 9.79332
917.012 8.63349 9.06871 9.83342
921.162 8.67044 9.10744 9.87435
925.311 8.70805 9.14704 9.9161
929.461 8.74635 9.18753 9.95866
933.61 8.78534 9.22892 10.002
937.759 8.82507 9.27121 10.0461
941.909 8.86554 9.31444 10.091
946.058 8.90678 9.35859 10.1365
950.207 8.94882 9.40368 10.1827
954.357 8.99169 9.4497 10.2294
958.506 9.0354 9.49664 10.2767
962.656 9.07998 9.54447 10.3243
966.805 9.12545 9.59315 10.372
970.954 9.17181 9.64262 10.4198
975.104 9.21908 9.69277 10.4674
979.253 9.26724 9.74347 10.5145
983.402 9.31628 9.79455 10.5606
987.552 9.36614 9.84576 10.6053
991.701 9.41674 9.89678 10.648
995.851 9.46799 9.94719 10.6881
1000 9.5197 9.99644 10.7246
1004.15 9.57166 10.0438 10.7565
1008.3 9.62353 10.0885 10.7826
1012.45 9.6749 10.1293 10.8014
1016.6 9.72517 10.1648 10.8111
1020.75 9.7736 10.1933 10.8098
1024.9 9.81919 10.2127 10.7952
1029.05 9.86066 10.2205 10.7651
1033.2 9.89638 10.2137 10.7167
1037.34 9.9243 10.1891 10.6477
1041.49 9.94188 10.143 10.5558
1045.64 9.94606 10.0719 10.4391
1049.79 9.93328 9.97248 10.2966
1053.94 9.89953 9.84217 10.1284
1058.09 9.84062 9.67988 9.93612
1062.24 9.75252 9.48652 9.72273
1066.39 9.63206 9.2655 9.49297
1070.54 9.47761 9.02292 9.25292
1074.69 9.29005 8.76722 9.00957
1078.84 9.07337 8.50842 8.77018
1082.99 8.83494 8.2569 8.54167
1087.14 8.58499 8.02214 8.32993
1091.29 8.33539 7.81164 8.13946
1095.44 8.09792 7.63034 7.97315
1099.59 7.88264 7.48053 7.83231
1103.73 7.69662 7.36218 7.71686
1107.88 7.54361 7.27348 7.62568
1112.03 7.42423 7.21153 7.55687
1116.18 7.33672 7.17282 7.5081
1120.33 7.27778 7.15374 7.47686
1124.48 7.24337 7.15081 7.46064
1128.63 7.2293 7.16088 7.45706
1132.78 7.23159 7.1812 7.46393
1136.93 7.24672 7.20943 7.47932
1141.08 7.27167 7.24365 7.50154
1145.23 7.30396 7.28226 7.52916
1149.38 7.34157 7.32401 7.56096
1153.53 7.3829 7.36787 7.59593
1157.68 7.42669 7.41305 7.63323
1161.83 7.472 7.45892 7.67217
1165.98 7.51806 7.50501 7.71219
1170.12 7.56433 7.55094 7.75285
1174.27 7.61038 7.59644 7.79378
1178.42 7.65592 7.64129 7.83468
1182.57 7.70071 7.68535 7.87535
1186.72 7.7446 7.72851 7.91558
1190.87 7.78749 7.77069 7.95526
1195.02 7.82931 7.81185 7.99427
1199.17 7.87002 7.85197 8.03254
1203.32 7.90961 7.89102 8.07002
1207.47 7.94807 7.92903 8.10665
1211.62 7.98542 7.96598 8.14242
1215.77 8.02168 8.00191 8.17732
1219.92 8.05687 8.03684 8.21134
1224.07 8.09103 8.07079 8.24448
1228.22 8.12418 8.10378 8.27675
1232.37 8.15637 8.13586 8.30816
1236.51 8.18763 8.16704 8.33873
1240.66 8.21799 8.19736 8.36848
1244.81 8.24749 8.22686 8.39742
1248.96 8.27616 8.25555 8.42558
1253.11 8.30405 8.28347 8.45297
1257.26 8.33117 8.31066 8.47962
1261.41 8.35756 8.33713 8.50555
1265.56 8.38326 8.36291 8.53078
1269.71 8.40828 8.38804 8.55534
1273.86 8.43267 8.41252 8.57924
1278.01 8.45643 8.4364 8.60251
1282.16 8.47961 8.45969 8.62516
1286.31 8.50222 8.48241 8.64723
1290.46 8.52429 8.50459 8.66872
1294.61 8.54583 8.52624 8.68965
1298.76 8.56687 8.54739 8.71005
1302.9 8.58743 8.56804 8.72992
1307.05 8.60752 8.58823 8.7493
1311.2 8.62716 8.60796 8.76819
1315.35 8.64637 8.62726 8.78661
1319.5 8.66517 8.64613 8.80458
1323.65 8.68357 8.66459 8.8221
1327.8 8.70158 8.68266 8.8392
1331.95 8.71922 8.70034 8.85589
1336.1 8.73649 8.71766 8.87218
1340.25 8.75342 8.73461 8.88808
1344.4 8.77002 8.75123 8.9036
1348.55 8.78629 8.7675 8.91876
1352.7 8.80224 8.78345 8.93357
1356.85 8.81789 8.79909 8.94804
1361 8.83325 8.81442 8.96218
1365.15 8.84832 8.82945 8.97599
1369.29 8.86311 8.8442 8.98949
1373.44 8.87763 8.85867 9.00269
1377.59 8.89189 8.87286 9.01559
1381.74 8.9059 8.88679 9.02821
1385.89 8.91966 8.90047 9.04055
1390.04 8.93319 8.91389 9.05262
1394.19 8.94648 8.92708 9.06443
1398.34 8.95954 8.94002 9.07598
1402.49 8.97239 8.95274 9.08728
1406.64 8.98502 8.96523 9.09834
1410.79 8.99744 8.97751 9.10917
1414.94 9.00966 8.98957 9.11977
1419.09 9.02169 9.00142 9.13014
1423.24 9.03351 9.01307 9.1403
1427.39 9.04515 9.02453 9.15024
1431.54 9.05661 9.03579 9.15998
1435.68 9.06789 9.04686 9.16952
1439.83 9.07899 9.05775 9.17886
1443.98 9.08992 9.06847 9.18801
1448.13 9.10069 9.079 9.19698
1452.28 9.11129 9.08936 9.20576
1456.43 9.12173 9.09956 9.21437
1460.58 9.13202 9.10959 9.2228
1464.73 9.14215 9.11947 9.23107
1468.88 9.15214 9.12918 9.23917
1473.03 9.16198 9.13874 9.24711
1477.18 9.17168 9.14816 9.25489
1481.33 9.18123 9.15742 9.26252
1485.48 9.19065 9.16654 9.27
1489.63 9.19994 9.17552 9.27733
1493.78 9.20909 9.18437 9.28452
1497.93 9.21812 9.19307 9.29158
1502.07 9.22701 9.20165 9.29849
1506.22 9.23579 9.21009 9.30527
1510.37 9.24444 9.21841 9.31193
1514.52 9.25298 9.2266 9.31845
1518.67 9.26139 9.23466 9.32485
1522.82 9.26969 9.24261 9.33113
1526.97 9.27788 9.25044 9.33729
1531.12 9.28596 9.25816 9.34333
1535.27 9.29393 9.26575 9.34926
1539.42 9.30179 9.27324 9.35508
1543.57 9.30955 9.28062 9.36079
1547.72 9.31721 9.28789 9.36639
1551.87 9.32476 9.29506 9.37189
1556.02 9.33221 9.30212 9.37729
1560.17 9.33957 9.30908 9.38258
1564.32 9.34683 9.31593 9.38778
1568.46 9.354 9.32269 9.39289
1572.61 9.36107 9.32936 9.3979
1576.76 9.36805 9.33592 9.40282
1580.91 9.37494 9.3424 9.40764
1585.06 9.38174 9.34878 9.41238
1589.21 9.38845 9.35507 9.41704
1593.36 9.39508 9.36127 9.42161
1597.51 9.40163 9.36738 9.4261
1601.66 9.40809 9.37341 9.43051
1605.81 9.41446 9.37936 9.43484
1609.96 9.42076 9.38521 9.43909
1614.11 9.42698 9.39099 9.44326
1618.26 9.43312 9.39669 9.44737
1622.41 9.43918 9.40231 9.45139
1626.56 9.44517 9.40785 9.45535
1630.71 9.45108 9.41331 9.45924
1634.85 9.45692 9.4187 9.46306
1639 9.46268 9.42401 9.46682
1643.15 9.46837 9.42925 9.47051
1647.3 9.474 9.43441 9.47413
1651.45 9.47955 9.43951 9.47769
1655.6 9.48503 9.44453 9.48119
1659.75 9.49045 9.44949 9.48463
1663.9 9.4958 9.45438 9.48802
1668.05 9.50108 9.4592 9.49134
1672.2 9.5063 9.46396 9.49461
1676.35 9.51145 9.46865 9.49782
1680.5 9.51654 9.47327 9.50098
1684.65 9.52157 9.47784 9.50409
1688.8 9.52653 9.48234 9.50714
1692.95 9.53144 9.48678 9.51015
1697.1 9.53628 9.49116 9.5131
1701.24 9.54107 9.49548 9.516
1705.39 9.54579 9.49975 9.51886
1709.54 9.55046 9.50395 9.52167
1713.69 9.55508 9.5081 9.52444
1717.84 9.55963 9.5122 9.52716
1721.99 9.56413 9.51624 9.52984
1726.14 9.56858 9.52022 9.53247
1730.29 9.57297 9.52415 9.53507
1734.44 9.57731 9.52803 9.53762
1738.59 9.58159 9.53186 9.54013
1742.74 9.58583 9.53563 9.54261
1746.89 9.59001 9.53936 9.54504
1751.04 9.59414 9.54304 9.54744
1755.19 9.59822 9.54666 9.5498
1759.34 9.60225 9.55024 9.55213
1763.49 9.60624 9.55378 9.55442
1767.63 9.61017 9.55726 9.55667
1771.78 9.61406 9.5607 9.55889
1775.93 9.6179 9.5641 9.56108
1780.08 9.62169 9.56745 9.56324
1784.23 9.62544 9.57075 9.56537
1788.38 9.62914 9.57402 9.56746
1792.53 9.63279 9.57724 9.56953
1796.68 9.63641 9.58042 9.57157
1800.83 9.63997 9.58355 9.57357
1804.98 9.6435 9.58665 9.57556
1809.13 9.64698 9.58971 9.57751
1813.28 9.65042 9.59272 9.57943
1817.43 9.65382 9.5957 9.58134
1821.58 9.65718 9.59864 9.58321
1825.73 9.66049 9.60155 9.58506
1829.88 9.66377 9.60441 9.58689
1834.02 9.66701 9.60724 9.58869
1838.17 9.67021 9.61003 9.59047
1842.32 9.67336 9.61279 9.59223
1846.47 9.67649 9.61551 9.59396
1850.62 9.67957 9.6182 9.59568
1854.77 9.68261 9.62085 9.59737
1858.92 9.68562 9.62348 9.59904
1863.07 9.68859 9.62606 9.6007
1867.22 9.69153 9.62862 9.60233
1871.37 9.69443 9.63114 9.60394
1875.52 9.6973 9.63364 9.60554
1879.67 9.70013 9.6361 9.60712
1883.82 9.70292 9.63853 9.60868
1887.97 9.70569 9.64093 9.61022
1892.12 9.70842 9.64331 9.61175
1896.27 9.71111 9.64565 9.61326
1900.41 9.71378 9.64797 9.61476
1904.56 9.71641 9.65025 9.61624
1908.71 9.71901 9.65252 9.61771
1912.86 9.72158 9.65475 9.61916
1917.01 9.72411 9.65696 9.62059
1921.16 9.72662 9.65914 9.62202
1925.31 9.7291 9.66129 9.62343
1929.46 9.73154 9.66342 9.62483
1933.61 9.73396 9.66553 9.62621
1937.76 9.73635 9.66761 9.62758
1941.91 9.73871 9.66967 9.62895
1946.06 9.74104 9.6717 9.6303
1950.21 9.74334 9.67371 9.63163
1954.36 9.74562 9.6757 9.63296
1958.51 9.74786 9.67766 9.63428
1962.66 9.75009 9.6796 9.63559
1966.8 9.75228 9.68153 9.63689
1970.95 9.75445 9.68343 9.63817
1975.1 9.75659 9.68531 9.63945
1979.25 9.75871 9.68717 9.64072
1983.4 9.7608 9.689 9.64198
1987.55 9.76287 9.69082 9.64324
1991.7 9.76491 9.69262 9.64448
1995.85 9.76693 9.69441 9.64572
2000 9.76892 9.69617 9.64695
2004.15 9.77089 9.69791 9.64817
2008.3 9.77284 9.69964 9.64939
2012.45 9.77476 9.70135 9.6506
2016.6 9.77667 9.70304 9.6518
2020.75 9.77855 9.70471 9.65299
2024.9 9.7804 9.70637 9.65418
2029.05 9.78224 9.70801 9.65537
2033.2 9.78405 9.70964 9.65655
2037.34 9.78585 9.71125 9.65772
2041.49 9.78762 9.71284 9.65889
2045.64 9.78937 9.71442 9.66005
2049.79 9.79111 9.71599 9.66121
2053.94 9.79282 9.71754 9.66237
2058.09 9.79451 9.71908 9.66352
2062.24 9.79619 9.7206 9.66466
2066.39 9.79784 9.72211 9.6658
2070.54 9.79948 9.7236 9.66694
2074.69 9.8011 9.72509 9.66808
2078.84 9.8027 9.72656 9.66921
2082.99 9.80428 9.72801 9.67034
2087.14 9.80584 9.72946 9.67146
2091.29 9.80739 9.73089 9.67258
2095.44 9.80892 9.73232 9.6737
2099.59 9.81043 9.73373 9.67482
2103.73 9.81193 9.73513 9.67594
2107.88 9.81341 9.73652 9.67705
2112.03 9.81488 9.7379 9.67816
2116.18 9.81633 9.73926 9.67927
2120.33 9.81776 9.74062 9.68037
2124.48 9.81918 9.74197 9.68148
2128.63 9.82058 9.74331 9.68258
2132.78 9.82197 9.74464 9.68368
2136.93 9.82335 9.74596 9.68478
2141.08 9.82471 9.74727 9.68588
2145.23 9.82606 9.74857 9.68698
2149.38 9.82739 9.74987 9.68808
2153.53 9.82871 9.75115 9.68917
2157.68 9.83002 9.75243 9.69027
2161.83 9.83131 9.7537 9.69137
2165.98 9.83259 9.75496 9.69246
2170.12 9.83386 9.75622 9.69355
2174.27 9.83512 9.75746 9.69465
2178.42 9.83636 9.7587 9.69574
2182.57 9.8376 9.75994 9.69684
2186.72 9.83882 9.76117 9.69793
2190.87 9.84003 9.76239 9.69902
2195.02 9.84123 9.7636 9.70012
2199.17 9.84242 9.76481 9.70121
2203.32 9.84359 9.76601 9.70231
2207.47 9.84476 9.76721 9.7034
2211.62 9.84592 9.7684 9.7045
2215.77 9.84707 9.76959 9.70559
2219.92 9.8482 9.77077 9.70669
2224.07 9.84933 9.77194 9.70779
2228.22 9.85045 9.77311 9.70888
2232.37 9.85156 9.77428 9.70998
2236.51 9.85266 9.77544 9.71108
2240.66 9.85375 9.7766 9.71218
2244.81 9.85484 9.77775 9.71329
2248.96 9.85591 9.7789 9.71439
2253.11 9.85698 9.78005 9.71549
2257.26 9.85804 9.78119 9.7166
2261.41 9.85909 9.78233 9.7177
2265.56 9.86013 9.78346 9.71881
2269.71 9.86117 9.78459 9.71992
2273.86 9.8622 9.78572 9.72103
2278.01 9.86322 9.78685 9.72214
2282.16 9.86423 9.78797 9.72326
2286.31 9.86524 9.78909 9.72437
2290.46 9.86624 9.7902 9.72549
2294.61 9.86724 9.79132 9.72661
2298.76 9.86823 9.79243 9.72773
2302.9 9.86921 9.79354 9.72885
2307.05 9.87019 9.79465 9.72997
2311.2 9.87116 9.79575 9.7311
2315.35 9.87213 9.79685 9.73222
2319.5 9.87309 9.79796 9.73335
2323.65 9.87405 9.79906 9.73448
2327.8 9.875 9.80015 9.73561
2331.95 9.87595 9.80125 9.73675
2336.1 9.87689 9.80235 9.73788
2340.25 9.87783 9.80344 9.73902
2344.4 9.87876 9.80453 9.74016
2348.55 9.87969 9.80562 9.7413
2352.7 9.88061 9.80671 9.74245
2356.85 9.88153 9.8078 9.74359
2361 9.88245 9.80889 9.74474
2365.15 9.88337 9.80998 9.74589
2369.29 9.88428 9.81107 9.74705
2373.44 9.88518 9.81215 9.7482
2377.59 9.88609 9.81324 9.74936
2381.74 9.88699 9.81433 9.75052
2385.89 9.88789 9.81541 9.75168
2390.04 9.88878 9.8165 9.75284
2394.19 9.88967 9.81758 9.75401
2398.34 9.89056 9.81867 9.75517
2402.49 9.89145 9.81976 9.75634
2406.64 9.89234 9.82084 9.75752
2410.79 9.89322 9.82193 9.75869
2414.94 9.8941 9.82301 9.75987
2419.09 9.89498 9.8241 9.76105
2423.24 9.89586 9.82519 9.76223
2427.39 9.89673 9.82627 9.76341
2431.54 9.89761 9.82736 9.7646
2435.68 9.89848 9.82845 9.76579
2439.83 9.89935 9.82954 9.76698
2443.98 9.90022 9.83063 9.76817
2448.13 9.90109 9.83172 9.76936
2452.28 9.90196 9.83281 9.77056
2456.43 9.90283 9.8339 9.77176
2460.58 9.9037 9.83499 9.77296
2464.73 9.90456 9.83609 9.77417
2468.88 9.90543 9.83718 9.77537
2473.03 9.90629 9.83828 9.77658
2477.18 9.90716 9.83937 9.7778
2481.33 9.90802 9.84047 9.77901
2485.48 9.90888 9.84157 9.78023
2489.63 9.90975 9.84267 9.78144
2493.78 9.91061 9.84377 9.78267
2497.93 9.91148 9.84488 9.78389
2502.07 9.91234 9.84598 9.78511
2506.22 9.91321 9.84709 9.78634
2510.37 9.91407 9.8482 9.78757
2514.52 9.91494 9.84931 9.78881
2518.67 9.9158 9.85042 9.79004
2522.82 9.91667 9.85153 9.79128
2526.97 9.91754 9.85264 9.79252
2531.12 9.9184 9.85376 9.79376
2535.27 9.91927 9.85488 9.795
2539.42 9.92014 9.85599 9.79625
2543.57 9.92101 9.85712 9.7975
2547.72 9.92189 9.85824 9.79875
2551.87 9.92276 9.85936 9.80001
2556.02 9.92363 9.86049 9.80126
2560.17 9.92451 9.86162 9.80252
2564.32 9.92538 9.86275 9.80378
2568.46 9.92626 9.86388 9.80505
2572.61 9.92714 9.86501 9.80631
2576.76 9.92802 9.86615 9.80758
2580.91 9.92891 9.86729 9.80885
2585.06 9.92979 9.86843 9.81012
2589.21 9.93068 9.86957 9.8114
2593.36 9.93156 9.87072 9.81267
2597.51 9.93245 9.87186 9.81395
2601.66 9.93335 9.87301 9.81523
2605.81 9.93424 9.87416 9.81652
2609.96 9.93514 9.87532 9.8178
2614.11 9.93603 9.87647 9.81909
2618.26 9.93693 9.87763 9.82038
2622.41 9.93783 9.87879 9.82168
2626.56 9.93874 9.87995 9.82297
2630.71 9.93965 9.88112 9.82427
2634.85 9.94055 9.88229 9.82557
2639 9.94147 9.88346 9.82687
2643.15 9.94238 9.88463 9.82818
2647.3 9.9433 9.8858 9.82948
2651.45 9.94421 9.88698 9.83079
2655.6 9.94514 9.88816 9.83211
2659.75 9.94606 9.88934 9.83342
2663.9 9.94699 9.89052 9.83473
2668.05 9.94791 9.89171 9.83605
2672.2 9.94885 9.8929 9.83737
2676.35 9.94978 9.89409 9.8387
2680.5 9.95072 9.89529 9.84002
2684.65 9.95166 9.89648 9.84135
2688.8 9.9526 9.89768 9.84268
2692.95 9.95355 9.89888 9.84401
2697.1 9.9545 9.90009 9.84534
2701.24 9.95545 9.90129 9.84668
2705.39 9.9564 9.9025 9.84802
2709.54 9.95736 9.90372 9.84936
2713.69 9.95832 9.90493 9.8507
2717.84 9.95929 9.90615 9.85204
2721.99 9.96026 9.90737 9.85339
2726.14 9.96123 9.90859 9.85474
2730.29 9.9622 9.90982 9.85609
2734.44 9.96318 9.91104 9.85745
2738.59 9.96416 9.91227 9.8588
2742.74 9.96514 9.91351 9.86016
2746.89 9.96613 9.91474 9.86152
2751.04 9.96712 9.91598 9.86288
2755.19 9.96811 9.91723 9.86425
2759.34 9.96911 9.91847 9.86562
2763.49 9.97011 9.91972 9.86699
2767.63 9.97112 9.92097 9.86836
2771.78 9.97212 9.92222 9.86973
2775.93 9.97314 9.92348 9.87111
2780.08 9.97415 9.92473 9.87249
2784.23 9.97517 9.92599 9.87387
2788.38 9.97619 9.92726 9.87525
2792.53 9.97722 9.92853 9.87663
2796.68 9.97825 9.9298 9.87802
2800.83 9.97928 9.93107 9.87941
2804.98 9.98032 9.93234 9.8808
2809.13 9.98136 9.93362 9.8822
2813.28 9.9824 9.9349 9.88359
2817.43 9.98345 9.93619 9.88499
2821.58 9.9845 9.93747 9.88639
2825.73 9.98555 9.93876 9.88779
2829.88 9.98661 9.94006 9.8892
2834.02 9.98768 9.94135 9.89061
2838.17 9.98874 9.94265 9.89202
2842.32 9.98981 9.94395 9.89343
2846.47 9.99089 9.94526 9.89484
2850.62 9.99197 9.94656 9.89626
2854.77 9.99305 9.94787 9.89768
2858.92 9.99414 9.94919 9.8991
2863.07 9.99523 9.9505 9.90052
2867.22 9.99632 9.95182 9.90195
2871.37 9.99742 9.95315 9.90337
2875.52 9.99852 9.95447 9.90481
2879.67 9.99963 9.9558 9.90624
2883.82 10.0007 9.95713 9.90767
2887.97 10.0019 9.95847 9.90911
2892.12 10.003 9.9598 9.91055
2896.27 10.0041 9.96115 9.91199
2900.41 10.0052 9.96249 9.91344
2904.56 10.0064 9.96384 9.91488
2908.71 10.0075 9.96519 9.91633
2912.86 10.0086 9.96654 9.91778
2917.01 10.0098 9.9679 9.91924
2921.16 10.0109 9.96926 9.92069
2925.31 10.0121 9.97062 9.92215
2929.46 10.0132 9.97198 9.92361
2933.61 10.0144 9.97335 9.92508
2937.76 10.0155 9.97473 9.92654
2941.91 10.0167 9.9761 9.92801
2946.06 10.0179 9.97748 9.92948
2950.21 10.0191 9.97886 9.93096
2954.36 10.0202 9.98025 9.93243
2958.51 10.0214 9.98163 9.93391
2962.66 10.0226 9.98303 9.93539
2966.8 10.0238 9.98442 9.93688
2970.95 10.025 9.98582 9.93836
2975.1 10.0262 9.98722 9.93985
2979.25 10.0274 9.98863 9.94134
2983.4 10.0286 9.99003 9.94284
2987.55 10.0299 9.99145 9.94433
2991.7 10.0311 9.99286 9.94583
2995.85 10.0323 9.99428 9.94734
3000 10.0335 9.9957 9.94884
3004.15 10.0348 9.99713 9.95035
3008.3 10.036 9.99855 9.95186
3012.45 10.0372 9.99999 9.95337
3016.6 10.0385 10.0014 9.95488
3020.75 10.0397 10.0029 9.9564
3024.9 10.041 10.0043 9.95792
3029.05 10.0423 10.0057 9.95945
3033.2 10.0435 10.0072 9.96097
3037.34 10.0448 10.0087 9.9625
3041.49 10.0461 10.0101 9.96404
3045.64 10.0473 10.0116 9.96557
3049.79 10.0486 10.013 9.96711
3053.94 10.0499 10.0145 9.96865
3058.09 10.0512 10.016 9.97019
3062.24 10.0525 10.0174 9.97174
3066.39 10.0538 10.0189 9.97329
3070.54 10.0551 10.0204 9.97484
3074.69 10.0564 10.0219 9.9764
3078.84 10.0577 10.0234 9.97795
3082.99 10.0591 10.0249 9.97952
3087.14 10.0604 10.0264 9.98108
3091.29 10.0617 10.0279 9.98265
3095.44 10.0631 10.0294 9.98422
3099.59 10.0644 10.0309 9.98579
3103.73 10.0657 10.0324 9.98737
3107.88 10.0671 10.0339 9.98895
3112.03 10.0685 10.0354 9.99053
3116.18 10.0698 10.037 9.99212
3120.33 10.0712 10.0385 9.99371
3124.48 10.0725 10.04 9.9953
3128.63 10.0739 10.0415 9.9969
3132.78 10.0753 10.0431 9.9985
3136.93 10.0767 10.0446 10.0001
3141.08 10.0781 10.0462 10.0017
3145.23 10.0795 10.0477 10.0033
3149.38 10.0809 10.0493 10.0049
3153.53 10.0823 10.0508 10.0065
3157.68 10.0837 10.0524 10.0082
3161.83 10.0851 10.054 10.0098
3165.98 10.0865 10.0555 10.0114
3170.12 10.0879 10.0571 10.013
3174.27 10.0894 10.0587 10.0147
3178.42 10.0908 10.0603 10.0163
3182.57 10.0922 10.0619 10.018
3186.72 10.0937 10.0635 10.0196
3190.87 10.0951 10.0651 10.0212
3195.02 10.0966 10.0667 10.0229
3199.17 10.0981 10.0683 10.0246
3203.32 10.0995 10.0699 10.0262
3207.47 10.101 10.0715 10.0279
3211.62 10.1025 10.0731 10.0295
3215.77 10.1039 10.0747 10.0312
3219.92 10.1054 10.0764 10.0329
3224.07 10.1069 10.078 10.0346
3228.22 10.1084 10.0796 10.0362
3232.37 10.1099 10.0813 10.0379
3236.51 10.1114 10.0829 10.0396
3240.66 10.1129 10.0846 10.0413
3244.81 10.1145 10.0862 10.043
3248.96 10.116 10.0879 10.0447
3253.11 10.1175 10.0896 10.0464
3257.26 10.119 10.0912 10.0481
3261.41 10.1206 10.0929 10.0498
3265.56 10.1221 10.0946 10.0516
3269.71 10.1237 10.0963 10.0533
3273.86 10.1252 10.0979 10.055
3278.01 10.1268 10.0996 10.0567
3282.16 10.1284 10.1013 10.0585
3286.31 10.1299 10.103 10.0602
3290.46 10.1315 10.1047 10.0619
3294.61 10.1331 10.1064 10.0637
3298.76 10.1347 10.1082 10.0654
3302.9 10.1363 10.1099 10.0672
3307.05 10.1379 10.1116 10.069
3311.2 10.1395 10.1133 10.0707
3315.35 10.1411 10.1151 10.0725
3319.5 10.1427 10.1168 10.0743
3323.65 10.1443 10.1186 10.076
3327.8 10.146 10.1203 10.0778
3331.95 10.1476 10.1221 10.0796
3336.1 10.1492 10.1238 10.0814
3340.25 10.1509 10.1256 10.0832
3344.4 10.1525 10.1274 10.085
3348.55 10.1542 10.1291 10.0868
3352.7 10.1558 10.1309 10.0886
3356.85 10.1575 10.1327 10.0904
3361 10.1592 10.1345 10.0922
3365.15 10.1609 10.1363 10.0941
3369.29 10.1625 10.1381 10.0959
3373.44 10.1642 10.1399 10.0977
3377.59 10.1659 10.1417 10.0996
3381.74 10.1676 10.1435 10.1014
3385.89 10.1693 10.1453 10.1032
3390.04 10.171 10.1472 10.1051
3394.19 10.1728 10.149 10.1069
3398.34 10.1745 10.1508 10.1088
3402.49 10.1762 10.1527 10.1107
3406.64 10.1779 10.1545 10.1125
3410.79 10.1797 10.1564 10.1144
3414.94 10.1814 10.1582 10.1163
3419.09 10.1832 10.1601 10.1182
3423.24 10.1849 10.1619 10.1201
3427.39 10.1867 10.1638 10.1219
3431.54 10.1885 10.1657 10.1238
3435.68 10.1902 10.1675 10.1257
3439.83 10.192 10.1694 10.1276
3443.98 10.1938 10.1713 10.1296
3448.13 10.1956 10.1732 10.1315
3452.28 10.1974 10.1751 10.1334
3456.43 10.1991 10.177 10.1353
3460.58 10.2009 10.1789 10.1372
3464.73 10.2028 10.1808 10.1392
3468.88 10.2046 10.1827 10.1411
3473.03 10.2064 10.1847 10.143
3477.18 10.2082 10.1866 10.145
3481.33 10.21 10.1885 10.1469
3485.48 10.2118 10.1904 10.1489
3489.63 10.2137 10.1924 10.1508
3493.78 10.2155 10.1943 10.1528
3497.93 10.2174 10.1963 10.1548
3502.07 10.2192 10.1982 10.1567
3506.22 10.2211 10.2002 10.1587
3510.37 10.2229 10.2021 10.1607
3514.52 10.2248 10.2041 10.1627
3518.67 10.2266 10.206 10.1646
3522.82 10.2285 10.208 10.1666
3526.97 10.2304 10.21 10.1686
3531.12 10.2322 10.212 10.1706
3535.27 10.2341 10.2139 10.1726
3539.42 10.236 10.2159 10.1746
3543.57 10.2379 10.2179 10.1766
3547.72 10.2397 10.2199 10.1786
3551.87 10.2416 10.2219 10.1806
3556.02 10.2435 10.2238 10.1826
3560.17 10.2454 10.2258 10.1846
3564.32 10.2473 10.2278 10.1866
3568.46 10.2492 10.2298 10.1887
3572.61 10.2511 10.2318 10.1907
3576.76 10.253 10.2338 10.1927
3580.91 10.2549 10.2358 10.1947
3585.06 10.2568 10.2378 10.1967
3589.21 10.2587 10.2398 10.1988
3593.36 10.2606 10.2418 10.2008
3597.51 10.2625 10.2438 10.2028
3601.66 10.2643 10.2458 10.2048
3605.81 10.2662 10.2478 10.2068
3609.96 10.2681 10.2498 10.2089
3614.11 10.27 10.2518 10.2109
3618.26 10.2719 10.2538 10.2129
3622.41 10.2738 10.2558 10.2149
3626.56 10.2757 10.2577 10.217
3630.71 10.2776 10.2597 10.219
3634.85 10.2795 10.2617 10.221
3639 10.2813 10.2637 10.223
3643.15 10.2832 10.2656 10.225
3647.3 10.2851 10.2676 10.227
3651.45 10.2869 10.2696 10.229
3655.6 10.2888 10.2715 10.231
3659.75 10.2906 10.2735 10.233
3663.9 10.2925 10.2754 10.235
3668.05 10.2943 10.2774 10.237
3672.2 10.2961 10.2793 10.2389
3676.35 10.298 10.2812 10.2409
3680.5 10.2998 10.2831 10.2429
3684.65 10.3016 10.285 10.2448
3688.8 10.3034 10.2869 10.2468
3692.95 10.3051 10.2888 10.2487
3697.1 10.3069 10.2906 10.2506
3701.24 10.3087 10.2925 10.2525
3705.39 10.3104 10.2943 10.2544
3709.54 10.3121 10.2962 10.2563
3713.69 10.3138 10.298 10.2582
3717.84 10.3155 10.2998 10.2601
3721.99 10.3172 10.3015 10.2619
3726.14 10.3188 10.3033 10.2638
3730.29 10.3205 10.305 10.2656
3734.44 10.3221 10.3067 10.2674
3738.59 10.3237 10.3084 10.2691
3742.74 10.3252 10.3101 10.2709
3746.89 10.3268 10.3117 10.2726
3751.04 10.3283 10.3134 10.2744
3755.19 10.3298 10.315 10.2761
3759.34 10.3313 10.3165 10.2777
3763.49 10.3327 10.3181 10.2794
3767.63 10.3341 10.3196 10.281
3771.78 10.3355 10.321 10.2826
3775.93 10.3368 10.3225 10.2841
3780.08 10.3381 10.3239 10.2857
3784.23 10.3394 10.3252 10.2872
3788.38 10.3406 10.3266 10.2886
3792.53 10.3418 10.3279 10.2901
3796.68 10.343 10.3291 10.2915
3800.83 10.3441 10.3303 10.2928
3804.98 10.3451 10.3315 10.2941
3809.13 10.3462 10.3326 10.2954
3813.28 10.3471 10.3336 10.2966
3817.43 10.348 10.3347 10.2978
3821.58 10.3489 10.3356 10.299
3825.73 10.3497 10.3365 10.3
3829.88 10.3504 10.3373 10.3011
3834.02 10.3511 10.3381 10.3021
3838.17 10.3518 10.3388 10.303
3842.32 10.3523 10.3395 10.3038
3846.47 10.3528 10.3401 10.3046
3850.62 10.3532 10.3406 10.3054
3854.77 10.3536 10.341 10.3061
3858.92 10.3539 10.3414 10.3067
3863.07 10.3541 10.3417 10.3072
3867.22 10.3542 10.3419 10.3077
3871.37 10.3542 10.342 10.308
3875.52 10.3542 10.342 10.3083
3879.67 10.354 10.3419 10.3086
3883.82 10.3538 10.3418 10.3087
3887.97 10.3535 10.3415 10.3088
3892.12 10.3531 10.3412 10.3087
3896.27 10.3525 10.3407 10.3086
3900.41 10.3519 10.3401 10.3083
3904.56 10.3512 10.3395 10.308
3908.71 10.3503 10.3387 10.3076
3912.86 10.3494 10.3377 10.307
3917.01 10.3483 10.3367 10.3064
3921.16 10.3471 10.3356 10.3056
3925.31 10.3458 10.3343 10.3047
3929.46 10.3443 10.3329 10.3037
3933.61 10.3427 10.3313 10.3025
3937.76 10.341 10.3296 10.3013
3941.91 10.3391 10.3278 10.2999
3946.06 10.3371 10.3258 10.2983
3950.21 10.335 10.3237 10.2966
3954.36 10.3327 10.3214 10.2948
3958.51 10.3303 10.3189 10.2928
3962.66 10.3277 10.3163 10.2907
3966.8 10.3249 10.3136 10.2884
3970.95 10.322 10.3106 10.286
3975.1 10.3189 10.3075 10.2834
3979.25 10.3156 10.3042 10.2807
3983.4 10.3122 10.3008 10.2777
3987.55 10.3086 10.2971 10.2746
3991.7 10.3048 10.2933 10.2713
3995.85 10.3008 10.2893 10.2679
4000 10.2967 10.2851 10.2642
4004.15 10.2924 10.2807 10.2604
4008.3 10.2878 10.2761 10.2564
4012.45 10.2831 10.2713 10.2522
4016.6 10.2782 10.2663 10.2478
4020.75 10.2731 10.2611 10.2432
4024.9 10.2678 10.2557 10.2384
4029.05 10.2624 10.2501 10.2334
4033.2 10.2567 10.2443 10.2282
4037.34 10.2508 10.2383 10.2228
4041.49 10.2447 10.2321 10.2172
4045.64 10.2384 10.2257 10.2114
4049.79 10.2319 10.2191 10.2054
4053.94 10.2253 10.2123 10.1992
4058.09 10.2184 10.2052 10.1928
4062.24 10.2113 10.198 10.1862
4066.39 10.2041 10.1906 10.1794
4070.54 10.1966 10.1829 10.1723
4074.69 10.189 10.1751 10.1651
4078.84 10.1811 10.1671 10.1577
4082.99 10.1731 10.1589 10.1501
4087.14 10.1649 10.1505 10.1423
4091.29 10.1565 10.1419 10.1342
4095.44 10.148 10.1331 10.1261
4099.59 10.1393 10.1242 10.1177
4103.73 10.1304 10.1151 10.1091
4107.88 10.1214 10.1058 10.1004
4112.03 10.1122 10.0964 10.0915
4116.18 10.1029 10.0869 10.0825
4120.33 10.0934 10.0772 10.0733
4124.48 10.0838 10.0673 10.0639
4128.63 10.0741 10.0574 10.0544
4132.78 10.0642 10.0473 10.0448
4136.93 10.0543 10.0371 10.035
4141.08 10.0442 10.0268 10.0251
4145.23 10.0341 10.0165 10.0152
4149.38 10.0239 10.006 10.0051
4153.53 10.0136 9.99551 9.9949
4157.68 10.0032 9.98493 9.98465
4161.83 9.99283 9.97431 9.97432
4165.98 9.98238 9.96364 9.96394
4170.12 9.97189 9.95295 9.9535
4174.27 9.96138 9.94223 9.94303
4178.42 9.95086 9.93151 9.93252
4182.57 9.94033 9.9208 9.922
4186.72 9.92981 9.91009 9.91146
4190.87 9.9193 9.89941 9.90093
4195.02 9.90882 9.88877 9.89041
4199.17 9.89837 9.87817 9.87992
4203.32 9.88797 9.86762 9.86945
4207.47 9.87763 9.85714 9.85904
4211.62 9.86735 9.84674 9.84867
4215.77 9.85714 9.83642 9.83837
4219.92 9.84702 9.82619 9.82815
4224.07 9.83699 9.81607 9.81801
4228.22 9.82707 9.80606 9.80796
4232.37 9.81725 9.79616 9.79802
4236.51 9.80755 9.7864 9.78819
4240.66 9.79797 9.77677 9.77848
4244.81 9.78852 9.76729 9.76889
4248.96 9.77922 9.75796 9.75944
4253.11 9.77005 9.74878 9.75014
4257.26 9.76105 9.73977 9.74098
4261.41 9.75219 9.73092 9.73199
4265.56 9.7435 9.72225 9.72315
4269.71 9.73498 9.71376 9.71448
4273.86 9.72663 9.70544 9.70599
4278.01 9.71846 9.69732 9.69767
4282.16 9.71047 9.68939 9.68954
4286.31 9.70266 9.68165 9.68159
4290.46 9.69504 9.6741 9.67384
4294.61 9.6876 9.66676 9.66627
4298.76 9.68036 9.65961 9.6589
4302.9 9.67331 9.65267 9.65173
4307.05 9.66646 9.64593 9.64476
4311.2 9.6598 9.63939 9.63799
4315.35 9.65334 9.63306 9.63142
4319.5 9.64707 9.62693 9.62506
4323.65 9.641 9.621 9.6189
4327.8 9.63513 9.61528 9.61294
4331.95 9.62945 9.60976 9.60718
4336.1 9.62397 9.60444 9.60162
4340.25 9.61868 9.59932 9.59627
4344.4 9.61359 9.59439 9.59111
4348.55 9.60869 9.58967 9.58615
4352.7 9.60398 9.58513 9.58139
4356.85 9.59945 9.58079 9.57682
4361 9.59511 9.57663 9.57245
4365.15 9.59095 9.57267 9.56826
4369.29 9.58698 9.56888 9.56426
4373.44 9.58318 9.56527 9.56044
4377.59 9.57955 9.56185 9.55681
4381.74 9.5761 9.55859 9.55335
4385.89 9.57282 9.55551 9.55007
4390.04 9.5697 9.55259 9.54696
4394.19 9.56675 9.54984 9.54402
4398.34 9.56396 9.54724 9.54124
4402.49 9.56132 9.54481 9.53863
4406.64 9.55883 9.54252 9.53617
4410.79 9.5565 9.54039 9.53386
4414.94 9.55431 9.5384 9.53171
4419.09 9.55226 9.53655 9.5297
4423.24 9.55036 9.53484 9.52784
4427.39 9.54858 9.53327 9.52612
4431.54 9.54694 9.53182 9.52453
4435.68 9.54543 9.53051 9.52307
4439.83 9.54405 9.52931 9.52174
4443.98 9.54278 9.52824 9.52054
4448.13 9.54164 9.52729 9.51946
4452.28 9.54061 9.52644 9.51849
4456.43 9.53969 9.52571 9.51764
4460.58 9.53887 9.52508 9.5169
4464.73 9.53817 9.52456 9.51627
4468.88 9.53756 9.52413 9.51574
4473.03 9.53706 9.5238 9.51531
4477.18 9.53664 9.52356 9.51498
4481.33 9.53632 9.52342 9.51474
4485.48 9.53609 9.52336 9.51459
4489.63 9.53595 9.52338 9.51453
4493.78 9.53589 9.52349 9.51456
4497.93 9.53591 9.52367 9.51466
4502.07 9.53601 9.52393 9.51484
4506.22 9.53618 9.52426 9.5151
4510.37 9.53642 9.52465 9.51543
4514.52 9.53674 9.52512 9.51584
4518.67 9.53712 9.52565 9.51631
4522.82 9.53756 9.52624 9.51684
4526.97 9.53807 9.5269 9.51744
4531.12 9.53864 9.5276 9.51809
4535.27 9.53926 9.52837 9.5188
4539.42 9.53994 9.52919 9.51957
4543.57 9.54068 9.53005 9.52039
4547.72 9.54146 9.53097 9.52127
4551.87 9.54229 9.53193 9.52219
4556.02 9.54317 9.53293 9.52315
4560.17 9.5441 9.53398 9.52417
4564.32 9.54507 9.53507 9.52522
4568.46 9.54608 9.5362 9.52631
4572.61 9.54712 9.53736 9.52745
4576.76 9.54821 9.53856 9.52862
4580.91 9.54933 9.5398 9.52982
4585.06 9.55049 9.54106 9.53106
4589.21 9.55168 9.54236 9.53234
4593.36 9.5529 9.54368 9.53364
4597.51 9.55415 9.54504 9.53497
4601.66 9.55543 9.54642 9.53633
4605.81 9.55673 9.54782 9.53771
4609.96 9.55806 9.54925 9.53912
4614.11 9.55942 9.5507 9.54056
4618.26 9.5608 9.55217 9.54201
4622.41 9.5622 9.55366 9.54349
4626.56 9.56362 9.55517 9.54499
4630.71 9.56507 9.5567 9.5465
4634.85 9.56653 9.55824 9.54804
4639 9.568 9.5598 9.54959
4643.15 9.5695 9.56138 9.55115
4647.3 9.57101 9.56297 9.55273
4651.45 9.57254 9.56457 9.55433
4655.6 9.57407 9.56618 9.55593
4659.75 9.57563 9.56781 9.55755
4663.9 9.57719 9.56945 9.55918
4668.05 9.57877 9.57109 9.56082
4672.2 9.58035 9.57275 9.56247
4676.35 9.58195 9.57441 9.56413
4680.5 9.58355 9.57608 9.5658
4684.65 9.58517 9.57776 9.56748
4688.8 9.58679 9.57944 9.56916
4692.95 9.58842 9.58113 9.57084
4697.1 9.59005 9.58283 9.57254
4701.24 9.59169 9.58453 9.57424
4705.39 9.59334 9.58623 9.57594
4709.54 9.59499 9.58793 9.57764
4713.69 9.59665 9.58964 9.57935
4717.84 9.5983 9.59136 9.58107
4721.99 9.59997 9.59307 9.58278
4726.14 9.60163 9.59479 9.5845
4730.29 9.6033 9.5965 9.58622
4734.44 9.60497 9.59822 9.58794
4738.59 9.60664 9.59994 9.58966
4742.74 9.60831 9.60166 9.59138
4746.89 9.60998 9.60338 9.5931
4751.04 9.61165 9.60509 9.59482
4755.19 9.61333 9.60681 9.59654
4759.34 9.615 9.60852 9.59825
4763.49 9.61667 9.61024 9.59997
4767.63 9.61834 9.61195 9.60168
4771.78 9.62001 9.61366 9.6034
4775.93 9.62168 9.61536 9.60511
4780.08 9.62334 9.61707 9.60681
4784.23 9.62501 9.61877 9.60852
4788.38 9.62667 9.62047 9.61022
4792.53 9.62833 9.62216 9.61192
4796.68 9.62998 9.62385 9.61362
4800.83 9.63164 9.62554 9.61531
4804.98 9.63329 9.62722 9.61699
4809.13 9.63493 9.6289 9.61868
4813.28 9.63658 9.63058 9.62036
4817.43 9.63822 9.63225 9.62203
4821.58 9.63985 9.63391 9.6237
4825.73 9.64148 9.63557 9.62537
4829.88 9.64311 9.63723 9.62703
4834.02 9.64473 9.63888 9.62869
4838.17 9.64635 9.64053 9.63034
4842.32 9.64796 9.64217 9.63198
4846.47 9.64957 9.6438 9.63362
4850.62 9.65118 9.64543 9.63526
4854.77 9.65277 9.64706 9.63689
4858.92 9.65437 9.64868 9.63851
4863.07 9.65596 9.65029 9.64013
4867.22 9.65754 9.6519 9.64174
4871.37 9.65912 9.6535 9.64335
4875.52 9.66069 9.65509 9.64495
4879.67 9.66225 9.65668 9.64654
4883.82 9.66381 9.65826 9.64813
4887.97 9.66537 9.65984 9.64971
4892.12 9.66692 9.66141 9.65129
4896.27 9.66846 9.66298 9.65286
4900.41 9.67 9.66453 9.65442
4904.56 9.67153 9.66608 9.65598
4908.71 9.67306 9.66763 9.65753
4912.86 9.67458 9.66917 9.65907
4917.01 9.67609 9.6707 9.66061
4921.16 9.6776 9.67223 9.66214
4925.31 9.6791 9.67375 9.66367
4929.46 9.68059 9.67526 9.66518
4933.61 9.68208 9.67676 9.66669
4937.76 9.68356 9.67826 9.6682
4941.91 9.68504 9.67976 9.6697
4946.06 9.68651 9.68124 9.67119
4950.21 9.68797 9.68272 9.67267
4954.36 9.68943 9.68419 9.67415
4958.51 9.69088 9.68566 9.67562
4962.66 9.69232 9.68712 9.67709
4966.8 9.69376 9.68857 9.67855
4970.95 9.69519 9.69002 9.68
4975.1 9.69662 9.69146 9.68144
4979.25 9.69803 9.69289 9.68288
4983.4 9.69945 9.69432 9.68431
4987.55 9.70085 9.69574 9.68573
4991.7 9.70225 9.69715 9.68715
4995.85 9.70364 9.69855 9.68856
5000 9.70503 9.69995 9.68997
